     X    4 * 32    8 * 16    16 * 8    32 * 4
Y

4 * 32    1.7711    1.5534    1.4543    1.4465

8 * 16    1.8056    1.5527    1.4627    1.4791

16 * 8    1.8705    1.6147    1.5553    1.5486

32 * 4    2.0159    1.7827    1.6857    1.7107


     X    4 * 64    8 * 32    16 *16    32 * 8    64 * 4
Y

4 * 64    1.7042    1.4328    1.4024    1.4015    1.4578

8 * 32    1.7512    1.4735    1.4712    1.4548    1.5245

16 *16    1.8390    1.6058    1.4877    1.4884    1.5748

32 * 8    1.8899    1.5979    1.5621    1.5663    1.6465

64 * 4    2.0497    1.8170    1.7392    1.7983    1.9249